42,35
10,75
10,181
10,17
10,277
10,85
10,31
10,35
9,5
8,15
8,17
8,14
39,5
39,4
39,3
39,2
39,1
39,0
33,3
33,2
33,1
25,3
25,2
25,1
25,0
20,2
12,3
20,1
12,2
20,3
12,1
11,29
11,28
11,27
11,26
11,25
11,24
11,23
11,22
11,21
11,20
11,18
11,17
11,16
11,15
11,14
11,13
11,12
11,11
11,10
11,8
11,7
11,6
11,5
19,2
11,4
11,3
19,1
11,2
19,3
11,1
10,290
10,244
10,242
10,234
10,202
10,194
10,186
10,184
10,148
10,144
10,142
10,122
10,88
10,84
10,78
10,16
10,3
10,2
18,1
10,1
9,7
18,3
9,6
9,4
9,3
9,2
14,1
9,1
14,3
13,1
13,3
8,16
8,13
8,12
8,11
8,10
8,8
8,6
8,4
8,3
8,2
8,1
3,3
3,2
3,1
2,2
2,1
